-64651.832181
0
0.004358 0.003788 0.000000 0.001026 0.000002 0.000001 0.000000 0.000935 0.004199 0.003817 0.022042 0.002376 0.001122 0.000000 0.000022 0.000009 0.004817 0.001843 0.001183 0.003040 0.000000 0.001334 0.000000 0.024020 0.007138 0.000032 0.004776 0.002455 0.003373 0.001252 0.000000 0.007299 0.005418 0.007846 0.031702 0.004347 0.000785 0.011205 0.002973 0.035577 0.004094 0.024165 0.030546 0.117434 0.000000 0.013335 0.015648 0.270700 0.003072 0.002312 0.000023 0.002717 0.000001 0.000020 0.000000 0.005174 0.008213 0.004235 0.022343 0.004544 0.004167 0.001282 0.001834 0.008512 0.006918 0.013724 0.013213 0.006810 0.000000 0.008983 0.008718 0.053768 0.008658 0.000043 0.008960 0.005429 0.001594 0.000020 0.000000 0.005726 0.004430 0.005928 0.011458 0.001066 0.000595 0.003597 0.000000 0.010729 0.001910 0.010960 0.002841 0.004975 0.001990 0.012405 0.002585 0.031485 
0.006736 0.000042 0.002437 0.000122 0.004959 0.001866 0.000000 0.002293 0.007597 0.000109 0.013539 0.000622 0.001691 0.000000 0.001561 0.000227 0.003147 0.002255 0.004988 0.005102 0.000550 0.000006 0.000000 0.000000 0.002817 0.001521 0.001733 0.001487 0.002418 0.000008 0.000000 0.006043 0.006423 0.004505 0.019539 0.002740 0.000000 0.003174 0.000019 0.001019 0.001138 0.004628 0.001098 0.000290 0.000000 0.000067 0.001414 0.000000 0.004117 0.003087 0.001752 0.003496 0.001573 0.000050 0.000000 0.001752 0.005073 0.003769 0.019097 0.007446 0.000001 0.000012 0.000708 0.000012 0.001715 0.000151 0.000040 0.002194 0.001643 0.001608 0.003085 0.000726 0.019505 0.013425 0.008580 0.012854 0.140343 0.049704 0.022299 0.149482 0.173891 0.046797 0.083514 0.093850 0.000025 0.000005 0.000000 0.000001 0.000545 0.000020 0.000026 0.000081 0.000000 0.000002 0.000002 0.000014 
0.010834 0.002713 0.029527 0.003579 0.005290 0.001124 0.055452 0.005331 0.002788 0.003658 0.040895 0.001051 0.002518 0.001302 0.006279 0.001100 0.003750 0.008043 0.009856 0.016901 0.011937 0.004463 0.021731 0.000898 0.004490 0.002461 0.046195 0.000047 0.013312 0.000003 0.045711 0.007494 0.001418 0.004543 0.116482 0.005583 0.000001 0.002765 0.013960 0.003152 0.008440 0.017221 0.010830 0.007917 0.002997 0.007226 0.006053 0.000000 0.007163 0.009799 0.013885 0.010822 0.001106 0.004357 0.023271 0.001226 0.003567 0.007397 0.028920 0.001252 0.005845 0.001870 0.008290 0.004057 0.001053 0.001103 0.008712 0.009538 0.005868 0.004860 0.030377 0.006945 0.010432 0.004528 0.008279 0.004535 0.009755 0.003438 0.046145 0.013183 0.000189 0.001449 0.039886 0.001213 0.007784 0.001025 0.016129 0.002342 0.010279 0.002305 0.009300 0.004336 0.000000 0.002017 0.013994 0.006853 
0.000156 0.004897 0.000000 0.013159 0.000006 0.000001 0.000000 0.003694 0.004078 0.024797 0.037018 0.010277 0.003332 0.000000 0.015203 0.000681 0.005384 0.001129 0.014317 0.006997 0.000000 0.002546 0.000000 0.003404 0.019036 0.000063 0.007276 0.001306 0.005297 0.013675 0.000000 0.004216 0.065976 0.067903 0.059628 0.052492 0.008622 0.000344 0.015798 0.007139 0.000055 0.010088 0.002816 0.001536 0.000000 0.001604 0.009944 0.000000 0.019712 0.002400 0.000040 0.001590 0.000002 0.013140 0.007374 0.009962 0.014468 0.018309 0.015930 0.000856 0.002153 0.000065 0.008454 0.002905 0.001178 0.005374 0.000135 0.002532 0.000000 0.000888 0.002013 0.003530 0.005077 0.007796 0.000577 0.004296 0.003007 0.002035 0.000000 0.007765 0.051436 0.108792 0.067837 0.037295 0.006349 0.009123 0.007026 0.002275 0.003581 0.011365 0.003876 0.004688 0.000000 0.010816 0.004008 0.002080 
0.014644 0.014497 0.000000 0.005062 0.009553 0.012399 0.000000 0.011907 0.012303 0.021965 0.040367 0.008461 0.002118 0.023675 0.000077 0.005603 0.010305 0.014446 0.012154 0.000583 0.000000 0.008542 0.000000 0.000002 0.034145 0.026176 0.000169 0.017522 0.012142 0.018592 0.000000 0.019115 0.035742 0.012057 0.027257 0.020090 0.000001 0.006600 0.003948 0.000873 0.011912 0.008419 0.009749 0.030859 0.000000 0.003446 0.007777 0.000000 0.029741 0.028060 0.004835 0.014054 0.009255 0.008232 0.000000 0.016808 0.026778 0.023700 0.057758 0.020226 0.000005 0.007692 0.000881 0.009844 0.001311 0.003877 0.006160 0.003312 0.000000 0.000064 0.000988 0.000595 0.012760 0.025733 0.002041 0.039335 0.005747 0.016566 0.000001 0.020226 0.003108 0.016514 0.006937 0.000499 0.000978 0.004847 0.000000 0.000037 0.003423 0.000660 0.004606 0.013365 0.000000 0.000005 0.000007 0.013174 
0.000042 0.000487 0.000000 0.002088 0.000002 0.000000 0.000000 0.000070 0.013644 0.007799 0.120927 0.006780 0.001288 0.000000 0.000649 0.003032 0.013529 0.007319 0.027283 0.004587 0.000000 0.001230 0.000000 0.000000 0.007927 0.016925 0.007865 0.038628 0.000133 0.000001 0.000000 0.000014 0.004645 0.007026 0.118157 0.007769 0.000947 0.002299 0.001495 0.000517 0.008401 0.012987 0.027091 0.006470 0.000000 0.004876 0.003645 0.000000 0.001941 0.005396 0.004650 0.009476 0.000000 0.003544 0.000000 0.000578 0.026250 0.049700 0.169809 0.026843 0.000000 0.002806 0.000661 0.000311 0.029200 0.017932 0.028709 0.012201 0.000000 0.001025 0.001028 0.002123 0.000865 0.000109 0.001275 0.004188 0.000262 0.000022 0.000000 0.000134 0.004622 0.005851 0.065699 0.003367 0.000513 0.001169 0.000000 0.000546 0.005925 0.010996 0.008433 0.003247 0.000000 0.000001 0.000000 0.000018 
0.028335 0.527123 0.085703 0.055358 0.303469 0.000011 
0.000003 0.717022 0.030304 0.212658 0.016270 0.023744 
0.030715 0.000056 0.969209 0.000005 0.000008 0.000006 
0.000003 0.751769 0.000020 0.248188 0.000011 0.000009 
0.072991 0.000059 0.032592 0.000007 0.090916 0.803434 
0.042852 0.750896 0.018959 0.187268 0.000015 0.000010 
0.003589 0.686188 0.036126 0.059726 0.000011 0.214360 
0.000002 0.763935 0.009044 0.007662 0.219350 0.000007 
0.010038 0.774400 0.034334 0.075258 0.008901 0.097069 
0.000003 0.741977 0.023885 0.059786 0.039823 0.134525 
0.000004 0.839899 0.037314 0.031479 0.000063 0.091242 
0.000002 0.938844 0.000011 0.000008 0.006839 0.054295 
0.000004 0.529132 0.094059 0.282476 0.071354 0.022976 
0.017256 0.552858 0.008833 0.033872 0.177760 0.209421 
0.000002 0.010461 0.000013 0.000008 0.126095 0.863422 
0.000001 0.999952 0.000018 0.000009 0.000012 0.000008 
0.995126 0.000086 0.004754 0.000011 0.000013 0.000010 
0.031172 0.012431 0.016074 0.018847 0.165387 0.756090 
0.023435 0.000042 0.036757 0.000006 0.066522 0.873237 
0.924237 0.058934 0.016739 0.000010 0.000013 0.000067 
0.258509 0.582985 0.020696 0.063246 0.001162 0.073400 
0.034418 0.000042 0.021063 0.020980 0.055461 0.868037 
0.168277 0.259289 0.034323 0.111425 0.426674 0.000012 
0.012907 0.000023 0.019487 0.004702 0.021035 0.941847 
0.143845 0.134941 0.117769 0.110815 0.440117 0.052513 
0.006435 0.000161 0.029013 0.938170 0.026210 0.000011 
0.024287 0.078170 0.105794 0.424084 0.365738 0.001927 
0.192766 0.212849 0.127595 0.007589 0.437978 0.021223 
0.169139 0.306475 0.229651 0.192892 0.199152 0.188441 
