-64646.395320
0
0.000124 0.000868 0.000000 0.001598 0.000049 0.000012 0.000000 0.000039 0.014114 0.007250 0.121130 0.006527 0.001262 0.001159 0.000394 0.003200 0.013804 0.007906 0.027234 0.004378 0.000000 0.001254 0.000000 0.000000 0.008126 0.018279 0.007668 0.039456 0.000157 0.000002 0.000000 0.000015 0.003274 0.004592 0.116906 0.005721 0.000886 0.002521 0.001020 0.000515 0.009535 0.012983 0.027385 0.007846 0.000000 0.004877 0.003482 0.000000 0.001723 0.006577 0.005020 0.010121 0.000001 0.003311 0.000000 0.000542 0.026799 0.049690 0.173512 0.027863 0.000001 0.002998 0.000486 0.000493 0.028949 0.017939 0.029297 0.012336 0.000000 0.000979 0.001091 0.002012 0.001112 0.000031 0.001320 0.005568 0.000265 0.000021 0.000000 0.000294 0.003403 0.002907 0.063285 0.002626 0.000003 0.000848 0.000000 0.000494 0.005928 0.010513 0.008569 0.003334 0.000000 0.000013 0.000000 0.000177 
0.006201 0.000023 0.002096 0.000073 0.004361 0.001770 0.000000 0.002050 0.007587 0.000076 0.014549 0.000774 0.001778 0.000001 0.002295 0.000366 0.003325 0.002933 0.005638 0.004931 0.000000 0.000006 0.000000 0.000000 0.002773 0.001125 0.001790 0.001865 0.002198 0.001251 0.000000 0.005775 0.008758 0.004857 0.020736 0.003337 0.001489 0.003034 0.000018 0.001744 0.001516 0.004901 0.001429 0.000481 0.000000 0.000106 0.001580 0.000000 0.003960 0.003131 0.001786 0.003329 0.001390 0.000818 0.000000 0.001745 0.005252 0.004170 0.020234 0.007311 0.000001 0.000018 0.000798 0.000008 0.001883 0.000351 0.000045 0.002194 0.001492 0.001497 0.002673 0.001050 0.018974 0.013447 0.008238 0.013664 0.135874 0.048734 0.020680 0.146448 0.170433 0.048396 0.083847 0.092592 0.000002 0.000003 0.000000 0.000000 0.000594 0.000026 0.000023 0.000054 0.000000 0.001219 0.000000 0.000024 
0.012562 0.002821 0.028103 0.003503 0.005695 0.001570 0.050999 0.005560 0.002942 0.003572 0.040897 0.001004 0.002697 0.001175 0.006401 0.001132 0.003692 0.008259 0.010130 0.017366 0.013094 0.004363 0.014589 0.000000 0.004414 0.002691 0.046908 0.000057 0.013399 0.000006 0.042040 0.008100 0.001403 0.004588 0.114359 0.005471 0.000015 0.003185 0.014836 0.003733 0.010054 0.016981 0.010481 0.008045 0.002757 0.007075 0.005949 0.000000 0.007217 0.009890 0.015884 0.011352 0.001131 0.004355 0.028256 0.001281 0.003663 0.007343 0.029677 0.001383 0.003824 0.001636 0.011148 0.004071 0.001105 0.001337 0.008476 0.009513 0.005719 0.005106 0.029818 0.007265 0.010764 0.004569 0.008046 0.004703 0.009776 0.003492 0.045096 0.013631 0.000209 0.001316 0.040008 0.001278 0.010924 0.000988 0.010410 0.002879 0.010705 0.002284 0.008691 0.004249 0.002068 0.001955 0.016494 0.006344 
0.005836 0.003940 0.000000 0.001022 0.000015 0.000151 0.000000 0.001209 0.004697 0.003725 0.021616 0.002282 0.001120 0.000003 0.000023 0.000013 0.004925 0.002124 0.001132 0.002910 0.000000 0.001282 0.004859 0.026070 0.007501 0.000093 0.005272 0.002575 0.003552 0.001417 0.000000 0.010205 0.005048 0.007051 0.030708 0.004154 0.000750 0.011772 0.002693 0.033538 0.005589 0.023834 0.029915 0.125461 0.000000 0.013053 0.015773 0.253249 0.003214 0.002797 0.000021 0.003632 0.000002 0.000026 0.000000 0.005767 0.008414 0.004230 0.023638 0.004849 0.003269 0.001361 0.001769 0.009208 0.006238 0.012593 0.013346 0.006859 0.000000 0.008625 0.008822 0.051258 0.009646 0.000024 0.009155 0.006413 0.001740 0.000019 0.000001 0.007258 0.004352 0.005033 0.011108 0.001409 0.000734 0.003456 0.000000 0.011466 0.002038 0.010085 0.002952 0.005062 0.000000 0.010508 0.002524 0.032921 
0.007903 0.011266 0.000000 0.011898 0.006911 0.008180 0.000000 0.010095 0.007319 0.029784 0.035272 0.011367 0.002656 0.013268 0.006794 0.003217 0.007506 0.006054 0.012344 0.003347 0.000000 0.007017 0.000000 0.000000 0.032286 0.014135 0.000799 0.007422 0.010582 0.017275 0.000000 0.012645 0.058252 0.050560 0.039269 0.045966 0.001299 0.002826 0.011507 0.002021 0.001258 0.008130 0.004053 0.006991 0.000000 0.002288 0.009602 0.000000 0.031288 0.015932 0.000034 0.006881 0.006616 0.011339 0.000000 0.016325 0.022040 0.022164 0.021885 0.009394 0.002516 0.004631 0.003295 0.006897 0.000260 0.004195 0.000362 0.001722 0.000000 0.000185 0.000684 0.000555 0.008483 0.020669 0.000719 0.021231 0.001274 0.009638 0.000001 0.007663 0.023809 0.070684 0.033780 0.015728 0.003233 0.009100 0.006475 0.000023 0.002953 0.007452 0.004259 0.011069 0.000000 0.003683 0.000000 0.007513 
0.049305 0.544881 0.092206 0.042464 0.271143 
0.021443 0.769084 0.056221 0.000006 0.153247 
0.000026 0.000161 0.972091 0.027621 0.000102 
0.000039 0.822966 0.010850 0.004843 0.161301 
0.821650 0.000251 0.032063 0.079827 0.066208 
0.000040 0.796991 0.035969 0.043999 0.123001 
0.204888 0.716635 0.062288 0.003494 0.012695 
0.000037 0.788729 0.019806 0.000006 0.191422 
0.086264 0.792582 0.042198 0.008956 0.070000 
0.134908 0.762112 0.024797 0.000007 0.078177 
0.076187 0.846117 0.054679 0.000007 0.023010 
0.048243 0.951644 0.000014 0.000004 0.000094 
0.026242 0.579392 0.143700 0.000008 0.250658 
0.242064 0.576458 0.000038 0.034512 0.146927 
0.870818 0.012079 0.000017 0.000005 0.117082 
0.000033 0.999814 0.000023 0.000003 0.000128 
0.000043 0.000222 0.004882 0.994653 0.000199 
0.770185 0.017947 0.011413 0.039501 0.160954 
0.869101 0.000133 0.036516 0.024359 0.069891 
0.000178 0.055955 0.000028 0.943702 0.000137 
0.061755 0.597888 0.028361 0.261159 0.050837 
0.861536 0.000181 0.018074 0.037411 0.082798 
0.041186 0.268002 0.062460 0.183764 0.444588 
0.932725 0.000944 0.022400 0.011943 0.031989 
0.134081 0.148160 0.109203 0.172830 0.435725 
0.000045 0.079876 0.063998 0.017675 0.838407 
0.034153 0.101680 0.136879 0.055368 0.671920 
0.107567 0.212872 0.128689 0.237342 0.313530 
0.246482 0.381764 0.235856 0.190722 0.316481 
