-64824.777758
0
0.006442 0.000477 0.002132 0.001891 0.004422 0.002181 0.000000 0.002655 0.007660 0.001777 0.015063 0.001672 0.001844 0.000119 0.002866 0.000448 0.003742 0.003389 0.006302 0.004831 0.000137 0.000126 0.000000 0.000240 0.006596 0.001846 0.002119 0.002008 0.002699 0.001859 0.000000 0.006059 0.013182 0.007237 0.021177 0.008063 0.001707 0.003070 0.000017 0.001621 0.001242 0.005422 0.001321 0.000726 0.000000 0.000276 0.001791 0.000000 0.007200 0.003747 0.001400 0.003222 0.001774 0.001866 0.000000 0.002724 0.006443 0.005341 0.017985 0.007365 0.000000 0.000354 0.000894 0.000001 0.001304 0.000531 0.000079 0.002029 0.001418 0.001443 0.003185 0.001347 0.018144 0.014820 0.007454 0.015409 0.123325 0.046537 0.018457 0.134142 0.162342 0.053247 0.079930 0.088785 0.000725 0.000008 0.000000 0.000000 0.000776 0.000036 0.000019 0.001515 0.000000 0.001472 0.000471 0.000279 
0.000269 0.001443 0.000006 0.002263 0.000588 0.000072 0.000000 0.000522 0.013997 0.008635 0.117151 0.007006 0.001300 0.001960 0.000672 0.003165 0.013581 0.007951 0.026852 0.004253 0.000000 0.001515 0.000001 0.000004 0.009938 0.018683 0.007197 0.038863 0.000978 0.000400 0.000000 0.000019 0.005991 0.006372 0.112341 0.008620 0.000939 0.002505 0.001392 0.000239 0.009005 0.012637 0.026008 0.007128 0.000000 0.004700 0.003738 0.000000 0.003069 0.007306 0.004658 0.009852 0.000214 0.003725 0.000000 0.001190 0.027445 0.048981 0.166205 0.027571 0.000000 0.003224 0.000600 0.000003 0.027444 0.017348 0.027277 0.011681 0.000001 0.000868 0.000880 0.001086 0.001483 0.001363 0.001195 0.006893 0.000257 0.000509 0.000003 0.000353 0.004435 0.005666 0.061985 0.003288 0.000482 0.001358 0.000000 0.000001 0.005745 0.010528 0.008305 0.003855 0.000000 0.000014 0.000003 0.000753 
0.011201 0.008539 0.013956 0.006116 0.006528 0.006222 0.026300 0.008577 0.003800 0.018981 0.036671 0.005695 0.002842 0.009668 0.006667 0.002663 0.004764 0.006352 0.009526 0.010627 0.006440 0.007143 0.008610 0.001787 0.014166 0.007567 0.023491 0.000231 0.012447 0.011928 0.021679 0.013601 0.031706 0.034638 0.079551 0.023096 0.000009 0.002785 0.016384 0.004433 0.006516 0.012146 0.007457 0.009651 0.001422 0.004747 0.009016 0.000000 0.018829 0.013811 0.008772 0.010390 0.004643 0.007944 0.014571 0.010241 0.010573 0.012655 0.023737 0.003037 0.004017 0.002907 0.007939 0.008946 0.000573 0.001991 0.005164 0.005981 0.002802 0.002559 0.015090 0.003416 0.009802 0.011013 0.005141 0.009172 0.006229 0.003736 0.023979 0.010971 0.000263 0.033351 0.033607 0.001448 0.005615 0.006767 0.011017 0.004030 0.007050 0.005801 0.007460 0.006491 0.000000 0.003223 0.007699 0.007206 
0.005659 0.004061 0.000003 0.000911 0.000023 0.000597 0.000000 0.001286 0.005004 0.003996 0.021663 0.002578 0.001157 0.000017 0.000021 0.000014 0.005263 0.002195 0.001179 0.002890 0.000000 0.001398 0.002929 0.021764 0.009099 0.000244 0.005466 0.002974 0.003484 0.002242 0.000000 0.009650 0.005756 0.007108 0.029935 0.004101 0.000806 0.012025 0.002977 0.032839 0.005141 0.023818 0.029972 0.124981 0.000000 0.013094 0.016252 0.250861 0.003609 0.003007 0.000033 0.003504 0.000011 0.000033 0.000000 0.006267 0.009117 0.004426 0.023639 0.005053 0.003500 0.001548 0.001623 0.009717 0.006126 0.012949 0.012360 0.006577 0.000002 0.008815 0.007875 0.054098 0.009431 0.000080 0.008695 0.007391 0.001756 0.000040 0.000007 0.006998 0.004487 0.005425 0.011358 0.001484 0.000675 0.003816 0.000000 0.009009 0.001933 0.009985 0.002806 0.005208 0.001845 0.010686 0.002024 0.033543 
0.618225 0.086404 0.252188 0.043183 
0.845897 0.044556 0.109544 0.000003 
0.000221 0.000061 0.966762 0.032957 
0.978096 0.021037 0.000863 0.000004 
0.000296 0.848235 0.062665 0.088805 
0.870657 0.000090 0.083073 0.046180 
0.735249 0.215365 0.045878 0.003509 
0.902773 0.035547 0.061677 0.000003 
0.838319 0.093770 0.058576 0.009335 
0.805135 0.146563 0.048298 0.000003 
0.888966 0.086479 0.024551 0.000004 
0.955447 0.044525 0.000026 0.000002 
0.631225 0.069874 0.298898 0.000004 
0.650136 0.285708 0.023558 0.040597 
0.022880 0.977069 0.000046 0.000006 
0.999901 0.000063 0.000035 0.000001 
0.000197 0.000086 0.007224 0.992493 
0.028067 0.837192 0.088883 0.045859 
0.000129 0.899403 0.074190 0.026278 
0.057222 0.000104 0.000047 0.942628 
0.637441 0.064910 0.030814 0.266835 
0.001808 0.907816 0.045848 0.044528 
0.334265 0.073494 0.415439 0.176803 
0.000899 0.955303 0.028054 0.015743 
0.190575 0.162876 0.486252 0.160297 
0.240989 0.025640 0.727861 0.005510 
0.167127 0.099394 0.700279 0.033199 
0.254835 0.137688 0.372265 0.235212 
0.370312 0.289241 0.265927 0.16537 
