-65254.977786
0
0.006615 0.000804 0.002516 0.002353 0.004817 0.002445 0.000432 0.002856 0.007429 0.002994 0.016401 0.001893 0.001968 0.001006 0.003362 0.000619 0.003844 0.003649 0.006944 0.005226 0.000660 0.000461 0.000006 0.000002 0.006720 0.002303 0.002350 0.002130 0.002942 0.002290 0.000009 0.006119 0.015865 0.008918 0.023282 0.009370 0.001538 0.002856 0.000385 0.001500 0.001266 0.005473 0.001558 0.000465 0.000000 0.000387 0.001909 0.000018 0.008035 0.004242 0.001623 0.003462 0.002175 0.002581 0.001233 0.003092 0.006781 0.006134 0.018463 0.007184 0.000000 0.000722 0.001631 0.000023 0.001412 0.000566 0.000110 0.002122 0.001217 0.001396 0.003191 0.000919 0.017542 0.015308 0.007184 0.015190 0.117616 0.045031 0.018054 0.127937 0.152322 0.056845 0.078895 0.083615 0.001273 0.000006 0.000670 0.000000 0.001212 0.000034 0.000026 0.001692 0.000000 0.001451 0.000729 0.000101 
0.000537 0.001687 0.000918 0.002408 0.000928 0.000229 0.001015 0.000707 0.013523 0.009094 0.114275 0.006959 0.001347 0.002103 0.000818 0.003240 0.013233 0.007941 0.026689 0.004478 0.000003 0.001659 0.000466 0.000029 0.009966 0.018528 0.007686 0.035860 0.001140 0.000828 0.000004 0.000106 0.006815 0.007387 0.112553 0.009146 0.000889 0.002615 0.001738 0.000866 0.009006 0.012661 0.024968 0.008413 0.000517 0.004720 0.004007 0.001739 0.003544 0.007465 0.004824 0.009966 0.000421 0.003994 0.000256 0.001489 0.026754 0.047761 0.159054 0.025929 0.000000 0.003222 0.000819 0.000908 0.025489 0.016386 0.026196 0.011436 0.000262 0.001055 0.001203 0.002422 0.001743 0.001585 0.001374 0.006931 0.000458 0.000675 0.000241 0.000760 0.004278 0.006721 0.061527 0.003171 0.000664 0.001492 0.000519 0.000574 0.005865 0.010439 0.008594 0.003876 0.000000 0.000153 0.000087 0.000968 
0.010092 0.007408 0.008356 0.003579 0.003179 0.004229 0.018393 0.006411 0.003670 0.012274 0.021977 0.004136 0.002078 0.005488 0.003700 0.001075 0.004171 0.003964 0.002039 0.007466 0.004211 0.005242 0.007380 0.012156 0.013091 0.002289 0.018764 0.001134 0.010502 0.008719 0.017729 0.014670 0.018898 0.024138 0.052639 0.014620 0.000471 0.007352 0.013073 0.017770 0.006008 0.018230 0.017495 0.063366 0.000000 0.008971 0.013375 0.114800 0.013011 0.009678 0.005407 0.007341 0.002297 0.003627 0.008905 0.009419 0.008329 0.004493 0.014795 0.003276 0.004948 0.001783 0.005102 0.009841 0.002639 0.006782 0.007711 0.006112 0.001938 0.005617 0.014815 0.025898 0.010691 0.005589 0.007368 0.008332 0.002141 0.000087 0.017714 0.007725 0.002563 0.013050 0.015737 0.001316 0.003250 0.006814 0.006523 0.006274 0.004460 0.007851 0.005327 0.006534 0.000873 0.007249 0.006504 0.021485 
0.681576 0.126805 0.191618 
0.911809 0.051944 0.036246 
0.035527 0.149993 0.814479 
0.986396 0.004021 0.009583 
0.000307 0.885649 0.114044 
0.900924 0.000212 0.098864 
0.771243 0.226637 0.002120 
0.957656 0.023464 0.018880 
0.874290 0.098792 0.026918 
0.843238 0.156674 0.000088 
0.913027 0.082445 0.004528 
0.966611 0.033364 0.000025 
0.725848 0.125172 0.148981 
0.655062 0.278749 0.066189 
0.020450 0.979516 0.000034 
0.999861 0.000118 0.000021 
0.000185 0.008479 0.991336 
0.031431 0.890876 0.077692 
0.000255 0.960258 0.039487 
0.047279 0.009851 0.942870 
0.609226 0.062087 0.328688 
0.001521 0.943635 0.054844 
0.395185 0.122435 0.482380 
0.000792 0.989295 0.009913 
0.238034 0.237561 0.524405 
0.394873 0.151403 0.453723 
0.269457 0.181301 0.549243 
0.278759 0.195756 0.525485 
0.381282 0.342697 0.265292 
