-64671.516826
0
0.000007 0.000002 0.000000 0.000059 0.000003 0.000000 0.000000 0.000485 0.007924 0.003030 0.187264 0.003792 0.000017 0.002464 0.001540 0.005590 0.000078 0.007747 0.006595 0.004947 0.000000 0.002330 0.000000 0.000000 0.011000 0.000004 0.003950 0.022324 0.000045 0.000007 0.000000 0.000009 0.005848 0.006401 0.182197 0.003240 0.000000 0.004297 0.000083 0.000087 0.012217 0.008844 0.027698 0.002868 0.001118 0.009404 0.001007 0.000000 0.001686 0.000107 0.004921 0.005653 0.000000 0.003151 0.000000 0.000073 0.009894 0.015807 0.137300 0.017062 0.000000 0.000008 0.000001 0.001169 0.043439 0.019618 0.034023 0.016477 0.000000 0.000002 0.000005 0.000004 0.000190 0.001092 0.002715 0.000515 0.000000 0.000004 0.000000 0.000038 0.003839 0.005592 0.094725 0.003186 0.001287 0.000018 0.000000 0.000000 0.006825 0.013649 0.015227 0.004174 0.000000 0.000000 0.000001 0.000000 
0.012310 0.000686 0.034496 0.003873 0.005110 0.000000 0.064390 0.005210 0.001969 0.002875 0.033929 0.000481 0.002523 0.000000 0.007281 0.000000 0.003809 0.007910 0.010270 0.021212 0.011794 0.004717 0.014535 0.000000 0.002561 0.001078 0.050016 0.000046 0.014595 0.000009 0.053078 0.006535 0.000517 0.004431 0.118993 0.005193 0.000000 0.002095 0.014390 0.003373 0.007763 0.018348 0.010095 0.007555 0.000000 0.007348 0.006562 0.000000 0.006240 0.009243 0.015094 0.010644 0.000000 0.004446 0.029662 0.000233 0.002494 0.007124 0.022900 0.000290 0.008412 0.000828 0.006844 0.003043 0.000019 0.000294 0.007614 0.009920 0.006793 0.006857 0.036906 0.007602 0.010618 0.002755 0.008199 0.002981 0.008796 0.001542 0.052544 0.010448 0.000147 0.000685 0.037391 0.000201 0.010305 0.000664 0.016095 0.000000 0.010815 0.001832 0.009978 0.003801 0.000000 0.002647 0.012372 0.007717 
0.006614 0.000001 0.002353 0.000443 0.004567 0.001710 0.000000 0.002308 0.007449 0.000118 0.011197 0.000781 0.001712 0.000000 0.002433 0.000000 0.003108 0.002670 0.004957 0.005024 0.000000 0.000000 0.000000 0.000000 0.002972 0.001575 0.001223 0.001813 0.002531 0.001359 0.000000 0.006307 0.007494 0.005449 0.017413 0.003769 0.000000 0.002692 0.000012 0.000019 0.001039 0.004654 0.001053 0.000374 0.000000 0.000010 0.001732 0.000000 0.004348 0.003295 0.001787 0.003505 0.001663 0.000126 0.000000 0.002082 0.005774 0.005605 0.019935 0.008011 0.000000 0.000002 0.000002 0.000001 0.001451 0.000050 0.000042 0.002101 0.001620 0.001501 0.003051 0.000004 0.019838 0.013805 0.008494 0.014213 0.141330 0.048435 0.022131 0.147802 0.173977 0.048652 0.076844 0.094757 0.001336 0.000003 0.000000 0.000000 0.000235 0.000018 0.000014 0.000064 0.000529 0.000000 0.000634 0.000000 
0.000013 0.000004 0.000000 0.013460 0.000006 0.000000 0.000000 0.004334 0.002448 0.030103 0.034366 0.013810 0.002596 0.000000 0.016134 0.000000 0.007591 0.000659 0.012078 0.007384 0.000000 0.000017 0.000000 0.000000 0.024152 0.000010 0.004187 0.001571 0.007132 0.009603 0.000000 0.002014 0.069442 0.090653 0.057302 0.066293 0.000000 0.000073 0.013616 0.010805 0.000016 0.009026 0.002992 0.000493 0.000000 0.001293 0.012136 0.000000 0.025218 0.001071 0.000066 0.000873 0.000000 0.010948 0.007810 0.012095 0.014524 0.022422 0.014302 0.000428 0.000000 0.000004 0.000004 0.000009 0.000032 0.001701 0.000135 0.002635 0.000000 0.000022 0.000029 0.000011 0.004062 0.006271 0.000070 0.004155 0.000001 0.000021 0.000000 0.002851 0.055726 0.129457 0.062889 0.043254 0.000006 0.008682 0.000000 0.000000 0.004980 0.010871 0.003913 0.006721 0.000000 0.013908 0.000012 0.000002 
0.000049 0.016491 0.000000 0.012232 0.011416 0.000000 0.000000 0.000033 0.013320 0.021348 0.056330 0.000147 0.011623 0.000000 0.000037 0.000000 0.000229 0.002784 0.032221 0.001045 0.000000 0.000004 0.000001 0.000000 0.002901 0.000017 0.035353 0.000219 0.000161 0.006345 0.000000 0.000178 0.029146 0.005803 0.071679 0.006233 0.043288 0.011402 0.027804 0.013311 0.002325 0.016968 0.002801 0.000304 0.000000 0.000059 0.000566 0.000000 0.000518 0.007546 0.000705 0.010097 0.000000 0.022605 0.000000 0.000518 0.016605 0.009080 0.048773 0.000656 0.000000 0.021231 0.044374 0.000059 0.000020 0.021130 0.001288 0.000354 0.000000 0.000008 0.000031 0.025134 0.002453 0.000200 0.000124 0.000774 0.000003 0.020462 0.000000 0.000375 0.027973 0.017260 0.181970 0.003636 0.000021 0.010710 0.030235 0.000000 0.000084 0.016315 0.000167 0.000308 0.000000 0.000001 0.000017 0.000001 
0.016482 0.020092 0.000000 0.003673 0.009423 0.015182 0.000000 0.013604 0.010663 0.020269 0.038926 0.008640 0.000362 0.021629 0.000007 0.008474 0.007911 0.012186 0.005221 0.000533 0.003549 0.011741 0.005493 0.000000 0.035378 0.022362 0.000187 0.012449 0.011447 0.020311 0.000000 0.024268 0.042907 0.011675 0.029960 0.020850 0.000000 0.006441 0.004556 0.002622 0.011829 0.007097 0.007680 0.029494 0.000000 0.004047 0.007134 0.000000 0.032206 0.024818 0.004606 0.013130 0.010793 0.008195 0.000000 0.017535 0.022512 0.014871 0.040754 0.017138 0.000000 0.003840 0.003913 0.013645 0.000018 0.002581 0.003852 0.003086 0.000000 0.000004 0.000014 0.000010 0.012173 0.029227 0.002644 0.032916 0.000001 0.018120 0.000000 0.029100 0.001287 0.024109 0.006951 0.000161 0.000003 0.005372 0.000000 0.009044 0.004621 0.000539 0.005363 0.013685 0.000000 0.000001 0.004536 0.015876 
0.000010 0.000002 0.000000 0.004785 0.000003 0.000000 0.000000 0.000020 0.019928 0.014013 0.046820 0.010275 0.002663 0.000000 0.000002 0.000000 0.029110 0.007590 0.050267 0.004003 0.000000 0.000002 0.000000 0.000000 0.006596 0.037596 0.010375 0.055606 0.001417 0.000011 0.000000 0.000006 0.004553 0.009220 0.045432 0.014229 0.000000 0.000061 0.002749 0.000039 0.004575 0.017219 0.026248 0.013258 0.000000 0.000055 0.007262 0.000000 0.003903 0.013758 0.004438 0.013584 0.000000 0.003760 0.000000 0.002240 0.044306 0.085266 0.199069 0.037031 0.000000 0.005385 0.000002 0.000001 0.013023 0.014757 0.022426 0.007384 0.000000 0.002463 0.002444 0.005052 0.002597 0.000022 0.000014 0.011550 0.000000 0.000004 0.000000 0.000051 0.003529 0.006473 0.027902 0.003095 0.000001 0.002584 0.000000 0.000000 0.004993 0.007097 0.000821 0.002973 0.000000 0.000000 0.000001 0.000001 
0.004588 0.003668 0.000000 0.001079 0.000002 0.000000 0.000000 0.000917 0.004074 0.003955 0.022200 0.002278 0.001316 0.000000 0.000003 0.000000 0.004583 0.001908 0.001122 0.003033 0.000000 0.001458 0.002559 0.027799 0.006946 0.000004 0.005980 0.002694 0.003405 0.001277 0.000000 0.006980 0.005151 0.007619 0.032607 0.004280 0.000727 0.011307 0.003047 0.036066 0.004263 0.024405 0.030602 0.116448 0.000000 0.013436 0.015523 0.270052 0.002952 0.002204 0.000023 0.002848 0.000000 0.000032 0.000000 0.004988 0.008190 0.004153 0.022161 0.004351 0.004853 0.001848 0.001824 0.008169 0.006518 0.013842 0.013020 0.006921 0.000000 0.008301 0.009419 0.051858 0.008454 0.000013 0.008895 0.005253 0.001125 0.000003 0.000000 0.004925 0.004143 0.005489 0.012258 0.000280 0.000630 0.003564 0.000000 0.008024 0.001998 0.011020 0.003008 0.005017 0.000000 0.013667 0.002118 0.032277 
0.000003 0.080706 0.536986 0.000003 0.051901 0.301297 0.000000 0.029104 
0.034112 0.029706 0.733370 0.155531 0.000000 0.047276 0.000000 0.000005 
0.042481 0.864449 0.013541 0.000000 0.000000 0.051180 0.000000 0.028349 
0.000002 0.000011 0.759972 0.175845 0.060013 0.000003 0.000000 0.004152 
0.000002 0.033048 0.001844 0.000000 0.000000 0.036724 0.867260 0.061123 
0.000003 0.018059 0.754549 0.179362 0.000000 0.000005 0.000000 0.048024 
0.181621 0.030675 0.695609 0.000000 0.070627 0.000003 0.017721 0.003743 
0.000002 0.004481 0.787270 0.005012 0.000000 0.185474 0.017758 0.000003 
0.000002 0.051440 0.776010 0.058643 0.000000 0.000003 0.102369 0.011532 
0.077321 0.017188 0.740601 0.042174 0.077310 0.000005 0.045395 0.000007 
0.058502 0.053482 0.840758 0.012468 0.000000 0.000003 0.034779 0.000008 
0.064898 0.000006 0.935088 0.000000 0.000000 0.000003 0.000000 0.000005 
0.000003 0.037770 0.515088 0.000000 0.394272 0.052861 0.000000 0.000005 
0.235716 0.000013 0.557755 0.010488 0.000000 0.168971 0.000000 0.027056 
0.257216 0.000007 0.019049 0.000000 0.000000 0.057009 0.666714 0.000004 
0.000002 0.000012 0.995694 0.000000 0.004286 0.000003 0.000000 0.000002 
0.000003 0.004574 0.000655 0.000000 0.000000 0.000004 0.000000 0.994765 
0.311748 0.008950 0.020688 0.000000 0.030462 0.109920 0.488060 0.030171 
0.544277 0.025948 0.000156 0.000000 0.000000 0.060050 0.346560 0.023009 
0.000003 0.000012 0.065631 0.000000 0.000000 0.000004 0.000000 0.934350 
0.073310 0.019541 0.585912 0.055054 0.002815 0.000004 0.000000 0.263364 
0.427063 0.014226 0.000323 0.010736 0.018039 0.033397 0.461528 0.034687 
0.027425 0.024566 0.254134 0.092172 0.000000 0.446758 0.000000 0.154944 
0.644218 0.015632 0.004328 0.000000 0.016663 0.009316 0.296223 0.013621 
0.084867 0.073068 0.144354 0.017008 0.059893 0.487773 0.000000 0.133037 
0.000003 0.053032 0.020699 0.838743 0.000000 0.067303 0.000000 0.020221 
0.051872 0.096035 0.094290 0.331391 0.000000 0.402086 0.000000 0.024326 
0.000002 0.092436 0.222947 0.000000 0.000000 0.394348 0.096314 0.193953 
0.155647 0.205395 0.429129 0.112232 0.0783559 0.167374 0.102303 0.189236 
